station_id,target_date_local,asof_utc,y_true,y_pred
KMIA,2025-01-01,2024-12-31 12:00:00+00:00,81.0,80.90149588247976
KMIA,2025-01-02,2025-01-01 12:00:00+00:00,78.0,78.06273792560668
KMIA,2025-01-03,2025-01-02 12:00:00+00:00,77.0,78.15991810182949
KMIA,2025-01-04,2025-01-03 12:00:00+00:00,72.0,72.34164367337829
KMIA,2025-01-05,2025-01-04 12:00:00+00:00,75.0,76.40709808222029
KMIA,2025-01-06,2025-01-05 12:00:00+00:00,80.0,79.00298125009438
KMIA,2025-01-07,2025-01-06 12:00:00+00:00,71.0,72.60488797101387
KMIA,2025-01-08,2025-01-07 12:00:00+00:00,72.0,69.56355655242969
KMIA,2025-01-09,2025-01-08 12:00:00+00:00,67.0,65.07657512756238
KMIA,2025-01-10,2025-01-09 12:00:00+00:00,73.0,75.781074562112
KMIA,2025-01-11,2025-01-10 12:00:00+00:00,77.0,78.47709834763353
KMIA,2025-01-12,2025-01-11 12:00:00+00:00,75.0,73.9297695987292
KMIA,2025-01-13,2025-01-12 12:00:00+00:00,79.0,79.3663760878278
KMIA,2025-01-14,2025-01-13 12:00:00+00:00,74.0,79.87610047903048
KMIA,2025-01-15,2025-01-14 12:00:00+00:00,75.0,76.39766529146526
KMIA,2025-01-16,2025-01-15 12:00:00+00:00,74.0,72.81852052189355
KMIA,2025-01-17,2025-01-16 12:00:00+00:00,72.0,72.98423544543289
KMIA,2025-01-18,2025-01-17 12:00:00+00:00,82.0,81.11812189432565
KMIA,2025-01-19,2025-01-18 12:00:00+00:00,85.0,83.11902721700285
KMIA,2025-01-20,2025-01-19 12:00:00+00:00,71.0,74.81623076679256
KMIA,2025-01-21,2025-01-20 12:00:00+00:00,81.0,74.32851356170211
KMIA,2025-01-22,2025-01-21 12:00:00+00:00,69.0,68.63395710537914
KMIA,2025-01-23,2025-01-22 12:00:00+00:00,58.0,68.03208352519859
KMIA,2025-01-24,2025-01-23 12:00:00+00:00,59.0,65.4075072587275
KMIA,2025-01-25,2025-01-24 12:00:00+00:00,73.0,69.43548521360157
KMIA,2025-01-26,2025-01-25 12:00:00+00:00,76.0,76.38337864257744
KMIA,2025-01-27,2025-01-26 12:00:00+00:00,79.0,78.53031393160568
KMIA,2025-01-28,2025-01-27 12:00:00+00:00,80.0,78.76151424357236
KMIA,2025-01-29,2025-01-28 12:00:00+00:00,80.0,79.1931618016399
KMIA,2025-01-30,2025-01-29 12:00:00+00:00,79.0,79.85671001764781
KMIA,2025-01-31,2025-01-30 12:00:00+00:00,79.0,81.36091117623567
KMIA,2025-02-01,2025-01-31 12:00:00+00:00,84.0,82.82402541416786
KMIA,2025-02-02,2025-02-01 12:00:00+00:00,82.0,83.34170721763883
KMIA,2025-02-03,2025-02-02 12:00:00+00:00,82.0,83.86235742611645
KMIA,2025-02-04,2025-02-03 12:00:00+00:00,82.0,83.49714093135265
KMIA,2025-02-05,2025-02-04 12:00:00+00:00,81.0,82.41185289848521
KMIA,2025-02-06,2025-02-05 12:00:00+00:00,81.0,82.4241984024995
KMIA,2025-02-07,2025-02-06 12:00:00+00:00,82.0,82.6259191927517
KMIA,2025-02-08,2025-02-07 12:00:00+00:00,82.0,83.26782885136959
KMIA,2025-02-09,2025-02-08 12:00:00+00:00,83.0,84.67408044525965
KMIA,2025-02-10,2025-02-09 12:00:00+00:00,82.0,83.13888702034625
KMIA,2025-02-11,2025-02-10 12:00:00+00:00,81.0,83.14388581520606
KMIA,2025-02-12,2025-02-11 12:00:00+00:00,82.0,85.39251795480297
KMIA,2025-02-13,2025-02-12 12:00:00+00:00,84.0,86.58399135127692
KMIA,2025-02-14,2025-02-13 12:00:00+00:00,84.0,84.48115277324425
KMIA,2025-02-15,2025-02-14 12:00:00+00:00,82.0,82.93628206815114
KMIA,2025-02-16,2025-02-15 12:00:00+00:00,85.0,84.99306227252094
KMIA,2025-02-17,2025-02-16 12:00:00+00:00,81.0,79.51880345267229
KMIA,2025-02-18,2025-02-17 12:00:00+00:00,83.0,81.54746825262542
KMIA,2025-02-19,2025-02-18 12:00:00+00:00,84.0,84.43149140904876
KMIA,2025-02-20,2025-02-19 12:00:00+00:00,78.0,80.9822939653395
KMIA,2025-02-21,2025-02-20 12:00:00+00:00,75.0,76.7358943500187
KMIA,2025-02-22,2025-02-21 12:00:00+00:00,75.0,75.45246359503935
KMIA,2025-02-23,2025-02-22 12:00:00+00:00,78.0,79.47583300853321
KMIA,2025-02-24,2025-02-23 12:00:00+00:00,73.0,78.05081341221893
KMIA,2025-02-25,2025-02-24 12:00:00+00:00,79.0,77.12297488298431
KMIA,2025-02-26,2025-02-25 12:00:00+00:00,81.0,77.98465193998152
KMIA,2025-02-27,2025-02-26 12:00:00+00:00,81.0,81.52552588568973
KMIA,2025-02-28,2025-02-27 12:00:00+00:00,81.0,79.4335621689156
KMIA,2025-03-01,2025-02-28 12:00:00+00:00,81.0,80.73662583432154
KMIA,2025-03-02,2025-03-01 12:00:00+00:00,81.0,78.66709069861912
KMIA,2025-03-03,2025-03-02 12:00:00+00:00,80.0,79.49538416622354
KMIA,2025-03-04,2025-03-03 12:00:00+00:00,80.0,80.75239611344733
KMIA,2025-03-05,2025-03-04 12:00:00+00:00,84.0,86.35527088279014
KMIA,2025-03-06,2025-03-05 12:00:00+00:00,77.0,78.06942628168623
KMIA,2025-03-07,2025-03-06 12:00:00+00:00,77.0,76.6809175262084
KMIA,2025-03-08,2025-03-07 12:00:00+00:00,84.0,81.09175419554647
KMIA,2025-03-09,2025-03-08 12:00:00+00:00,88.0,82.87019639618637
KMIA,2025-03-10,2025-03-09 12:00:00+00:00,89.0,84.86476171672633
KMIA,2025-03-11,2025-03-10 12:00:00+00:00,79.0,77.43202828664019
KMIA,2025-03-12,2025-03-11 12:00:00+00:00,80.0,78.23070446565617
KMIA,2025-03-13,2025-03-12 12:00:00+00:00,79.0,80.50846987557576
KMIA,2025-03-14,2025-03-13 12:00:00+00:00,83.0,82.46346384745556
KMIA,2025-03-15,2025-03-14 12:00:00+00:00,82.0,85.03826862158458
KMIA,2025-03-16,2025-03-15 12:00:00+00:00,85.0,88.18740862103805
KMIA,2025-03-17,2025-03-16 12:00:00+00:00,79.0,81.97109504422569
KMIA,2025-03-18,2025-03-17 12:00:00+00:00,79.0,77.50285892990112
KMIA,2025-03-19,2025-03-18 12:00:00+00:00,80.0,79.18440880669577
KMIA,2025-03-20,2025-03-19 12:00:00+00:00,85.0,81.08213965233341
KMIA,2025-03-21,2025-03-20 12:00:00+00:00,76.0,76.04307877032416
KMIA,2025-03-22,2025-03-21 12:00:00+00:00,78.0,77.93300756759656
KMIA,2025-03-23,2025-03-22 12:00:00+00:00,79.0,80.09228424530895
KMIA,2025-03-24,2025-03-23 12:00:00+00:00,83.0,84.5793210911989
KMIA,2025-03-25,2025-03-24 12:00:00+00:00,86.0,84.47066102453564
KMIA,2025-03-26,2025-03-25 12:00:00+00:00,84.0,83.49240263958924
KMIA,2025-03-27,2025-03-26 12:00:00+00:00,83.0,83.30177319990858
KMIA,2025-03-28,2025-03-27 12:00:00+00:00,81.0,81.92892783882112
KMIA,2025-03-29,2025-03-28 12:00:00+00:00,80.0,82.57181518095872
KMIA,2025-03-30,2025-03-29 12:00:00+00:00,81.0,85.51110870350428
KMIA,2025-03-31,2025-03-30 12:00:00+00:00,86.0,87.28731384355912
KMIA,2025-04-01,2025-03-31 12:00:00+00:00,88.0,87.40585314743663
KMIA,2025-04-02,2025-04-01 12:00:00+00:00,85.0,86.82663395908082
KMIA,2025-04-03,2025-04-02 12:00:00+00:00,86.0,87.22025782647106
KMIA,2025-04-04,2025-04-03 12:00:00+00:00,85.0,85.50937990513494
KMIA,2025-04-05,2025-04-04 12:00:00+00:00,85.0,85.38896948513447
KMIA,2025-04-06,2025-04-05 12:00:00+00:00,84.0,86.1856130907449
KMIA,2025-04-07,2025-04-06 12:00:00+00:00,86.0,88.02289371991363
KMIA,2025-04-08,2025-04-07 12:00:00+00:00,84.0,87.02655681261436
KMIA,2025-04-09,2025-04-08 12:00:00+00:00,81.0,82.23587094581383
KMIA,2025-04-10,2025-04-09 12:00:00+00:00,82.0,81.95653186786676
KMIA,2025-04-11,2025-04-10 12:00:00+00:00,83.0,83.76495756224868
KMIA,2025-04-12,2025-04-11 12:00:00+00:00,82.0,81.50047796107326
KMIA,2025-04-13,2025-04-12 12:00:00+00:00,81.0,80.03097585636513
KMIA,2025-04-14,2025-04-13 12:00:00+00:00,81.0,81.55879408866821
KMIA,2025-04-15,2025-04-14 12:00:00+00:00,86.0,83.04770734673416
KMIA,2025-04-16,2025-04-15 12:00:00+00:00,85.0,83.38471660113221
KMIA,2025-04-17,2025-04-16 12:00:00+00:00,83.0,83.63036764083472
KMIA,2025-04-18,2025-04-17 12:00:00+00:00,83.0,82.89965249802357
KMIA,2025-04-19,2025-04-18 12:00:00+00:00,82.0,83.35430323428204
KMIA,2025-04-20,2025-04-19 12:00:00+00:00,84.0,83.67747513831159
KMIA,2025-04-21,2025-04-20 12:00:00+00:00,83.0,84.71338197667673
KMIA,2025-04-22,2025-04-21 12:00:00+00:00,83.0,85.00514713769059
KMIA,2025-04-23,2025-04-22 12:00:00+00:00,84.0,85.19780811139162
KMIA,2025-04-24,2025-04-23 12:00:00+00:00,84.0,85.6422399503724
KMIA,2025-04-25,2025-04-24 12:00:00+00:00,84.0,85.07957635526729
KMIA,2025-04-26,2025-04-25 12:00:00+00:00,85.0,84.90606436124662
KMIA,2025-04-27,2025-04-26 12:00:00+00:00,85.0,86.48639549548649
KMIA,2025-04-28,2025-04-27 12:00:00+00:00,85.0,85.53119498222955
KMIA,2025-05-01,2025-04-30 12:00:00+00:00,84.0,83.76629346635694
KMIA,2025-05-02,2025-05-01 12:00:00+00:00,84.0,85.05765284826848
KMIA,2025-05-03,2025-05-02 12:00:00+00:00,83.0,85.48420435551556
KMIA,2025-05-04,2025-05-03 12:00:00+00:00,84.0,86.5574300316576
KMIA,2025-05-05,2025-05-04 12:00:00+00:00,87.0,87.57287313700091
KMIA,2025-05-06,2025-05-05 12:00:00+00:00,87.0,89.2760421680468
KMIA,2025-05-07,2025-05-06 12:00:00+00:00,86.0,87.89704517114549
KMIA,2025-05-08,2025-05-07 12:00:00+00:00,86.0,88.21324365584474
KMIA,2025-05-09,2025-05-08 12:00:00+00:00,86.0,88.78020753938634
KMIA,2025-05-10,2025-05-09 12:00:00+00:00,88.0,88.15209394532185
KMIA,2025-05-11,2025-05-10 12:00:00+00:00,87.0,88.14016755165555
KMIA,2025-05-12,2025-05-11 12:00:00+00:00,84.0,86.21086228666138
KMIA,2025-05-13,2025-05-12 12:00:00+00:00,88.0,86.12708103415154
KMIA,2025-05-14,2025-05-13 12:00:00+00:00,91.0,86.68290613322604
KMIA,2025-05-15,2025-05-14 12:00:00+00:00,90.0,88.01334095393753
KMIA,2025-05-16,2025-05-15 12:00:00+00:00,89.0,88.9600455201441
KMIA,2025-05-17,2025-05-16 12:00:00+00:00,91.0,90.42387424898548
KMIA,2025-05-18,2025-05-17 12:00:00+00:00,89.0,91.85378876260533
KMIA,2025-05-19,2025-05-18 12:00:00+00:00,90.0,91.90099794612738
KMIA,2025-05-20,2025-05-19 12:00:00+00:00,90.0,91.92241225560834
KMIA,2025-05-21,2025-05-20 12:00:00+00:00,94.0,92.02018674082592
KMIA,2025-05-22,2025-05-21 12:00:00+00:00,94.0,92.10813751586244
KMIA,2025-05-23,2025-05-22 12:00:00+00:00,91.0,91.9507282278278
KMIA,2025-05-24,2025-05-23 12:00:00+00:00,90.0,91.1417201918695
KMIA,2025-05-25,2025-05-24 12:00:00+00:00,90.0,89.61111404558503
KMIA,2025-05-26,2025-05-25 12:00:00+00:00,91.0,92.07108750345971
KMIA,2025-05-27,2025-05-26 12:00:00+00:00,90.0,92.0918671339479
KMIA,2025-05-28,2025-05-27 12:00:00+00:00,90.0,91.90004369427626
KMIA,2025-05-29,2025-05-28 12:00:00+00:00,90.0,90.89924960965561
KMIA,2025-05-30,2025-05-29 12:00:00+00:00,92.0,88.86392319697639
KMIA,2025-05-31,2025-05-30 12:00:00+00:00,92.0,90.99720732510413
KMIA,2025-06-04,2025-06-03 12:00:00+00:00,87.0,83.43512135960873
KMIA,2025-06-05,2025-06-04 12:00:00+00:00,86.0,89.57606225066446
KMIA,2025-06-06,2025-06-05 12:00:00+00:00,89.0,91.16003815520725
KMIA,2025-06-07,2025-06-06 12:00:00+00:00,90.0,90.54417031996117
KMIA,2025-06-08,2025-06-07 12:00:00+00:00,91.0,90.75294362429172
KMIA,2025-06-09,2025-06-08 12:00:00+00:00,90.0,89.8483791763833
KMIA,2025-06-10,2025-06-09 12:00:00+00:00,91.0,91.37100716087022
KMIA,2025-06-11,2025-06-10 12:00:00+00:00,90.0,89.84107721801219
KMIA,2025-06-12,2025-06-11 12:00:00+00:00,90.0,89.32065160387772
KMIA,2025-06-13,2025-06-12 12:00:00+00:00,89.0,90.26892020566261
KMIA,2025-06-14,2025-06-13 12:00:00+00:00,89.0,89.9763908022443
KMIA,2025-06-15,2025-06-14 12:00:00+00:00,90.0,89.94092511830728
KMIA,2025-06-16,2025-06-15 12:00:00+00:00,90.0,89.51026968255165
KMIA,2025-06-17,2025-06-16 12:00:00+00:00,90.0,90.02222022820771
KMIA,2025-06-18,2025-06-17 12:00:00+00:00,90.0,90.1098045803113
KMIA,2025-06-19,2025-06-18 12:00:00+00:00,90.0,90.208926370672
KMIA,2025-06-20,2025-06-19 12:00:00+00:00,90.0,90.0520696817835
KMIA,2025-06-21,2025-06-20 12:00:00+00:00,90.0,89.48427305808028
KMIA,2025-06-22,2025-06-21 12:00:00+00:00,89.0,90.66224358455965
KMIA,2025-06-23,2025-06-22 12:00:00+00:00,90.0,90.11185192513774
KMIA,2025-06-24,2025-06-23 12:00:00+00:00,91.0,90.38311664173084
KMIA,2025-06-25,2025-06-24 12:00:00+00:00,88.0,90.32669741432672
KMIA,2025-06-26,2025-06-25 12:00:00+00:00,86.0,88.37202012742982
KMIA,2025-06-27,2025-06-26 12:00:00+00:00,90.0,90.46661602058781
KMIA,2025-06-28,2025-06-27 12:00:00+00:00,90.0,90.69599189474808
KMIA,2025-06-29,2025-06-28 12:00:00+00:00,90.0,88.73185747920512
KMIA,2025-06-30,2025-06-29 12:00:00+00:00,91.0,89.0388976328402
KMIA,2025-07-01,2025-06-30 12:00:00+00:00,89.0,89.75203357642687
KMIA,2025-07-02,2025-07-01 12:00:00+00:00,89.0,89.86850792448857
KMIA,2025-07-03,2025-07-02 12:00:00+00:00,87.0,89.32462738783771
KMIA,2025-07-04,2025-07-03 12:00:00+00:00,86.0,88.1368093427352
KMIA,2025-07-05,2025-07-04 12:00:00+00:00,89.0,89.96798974535542
KMIA,2025-07-06,2025-07-05 12:00:00+00:00,88.0,90.01179594381642
KMIA,2025-07-07,2025-07-06 12:00:00+00:00,92.0,90.95260862145913
KMIA,2025-07-08,2025-07-07 12:00:00+00:00,92.0,90.90116024477862
KMIA,2025-07-09,2025-07-08 12:00:00+00:00,92.0,91.6446375349043
KMIA,2025-07-10,2025-07-09 12:00:00+00:00,91.0,91.24651434747419
KMIA,2025-07-11,2025-07-10 12:00:00+00:00,90.0,89.81719289300243
KMIA,2025-07-12,2025-07-11 12:00:00+00:00,92.0,92.265807791123
KMIA,2025-07-13,2025-07-12 12:00:00+00:00,88.0,89.85537133142395
KMIA,2025-07-14,2025-07-13 12:00:00+00:00,91.0,86.7141711805007
KMIA,2025-07-15,2025-07-14 12:00:00+00:00,88.0,85.55623731282115
KMIA,2025-07-16,2025-07-15 12:00:00+00:00,90.0,89.81563113105871
KMIA,2025-07-17,2025-07-16 12:00:00+00:00,91.0,91.4208216929028
KMIA,2025-07-18,2025-07-17 12:00:00+00:00,92.0,92.06399295959592
KMIA,2025-07-19,2025-07-18 12:00:00+00:00,91.0,91.74451183033864
KMIA,2025-07-20,2025-07-19 12:00:00+00:00,92.0,91.16513234565592
KMIA,2025-07-21,2025-07-20 12:00:00+00:00,92.0,92.27538148208357
KMIA,2025-07-22,2025-07-21 12:00:00+00:00,95.0,92.20839953768206
KMIA,2025-07-23,2025-07-22 12:00:00+00:00,90.0,89.38490784897304
KMIA,2025-07-24,2025-07-23 12:00:00+00:00,91.0,89.02591591815161
KMIA,2025-07-25,2025-07-24 12:00:00+00:00,91.0,90.96176386770217
KMIA,2025-07-26,2025-07-25 12:00:00+00:00,91.0,91.38980323182736
KMIA,2025-07-27,2025-07-26 12:00:00+00:00,92.0,91.89751814860186
KMIA,2025-07-28,2025-07-27 12:00:00+00:00,93.0,91.75319565549907
KMIA,2025-07-29,2025-07-28 12:00:00+00:00,91.0,92.90012014655565
KMIA,2025-07-30,2025-07-29 12:00:00+00:00,92.0,92.19703691416302
KMIA,2025-07-31,2025-07-30 12:00:00+00:00,94.0,92.46045569191232
KMIA,2025-08-01,2025-07-31 12:00:00+00:00,93.0,92.60145067094291
KMIA,2025-08-02,2025-08-01 12:00:00+00:00,94.0,92.4168018153125
KMIA,2025-08-03,2025-08-02 12:00:00+00:00,94.0,92.22321914064655
KMIA,2025-08-04,2025-08-03 12:00:00+00:00,92.0,92.01099079508549
KMIA,2025-08-05,2025-08-04 12:00:00+00:00,93.0,92.15932402310521
KMIA,2025-08-06,2025-08-05 12:00:00+00:00,93.0,92.31185989653582
KMIA,2025-08-07,2025-08-06 12:00:00+00:00,89.0,90.88092017002501
KMIA,2025-08-08,2025-08-07 12:00:00+00:00,88.0,90.02350047312336
KMIA,2025-08-09,2025-08-08 12:00:00+00:00,83.0,88.23246595368985
KMIA,2025-08-10,2025-08-09 12:00:00+00:00,89.0,89.17651273957196
KMIA,2025-08-11,2025-08-10 12:00:00+00:00,91.0,90.92443561484266
KMIA,2025-08-12,2025-08-11 12:00:00+00:00,91.0,92.05378110151865
KMIA,2025-08-13,2025-08-12 12:00:00+00:00,91.0,92.11710294364777
KMIA,2025-08-14,2025-08-13 12:00:00+00:00,91.0,92.48177741652103
KMIA,2025-08-15,2025-08-14 12:00:00+00:00,93.0,92.45602394461234
KMIA,2025-08-16,2025-08-15 12:00:00+00:00,93.0,92.46283398560466
KMIA,2025-08-17,2025-08-16 12:00:00+00:00,92.0,91.67380620387573
KMIA,2025-08-18,2025-08-17 12:00:00+00:00,94.0,92.6463849997269
KMIA,2025-08-19,2025-08-18 12:00:00+00:00,95.0,92.55910172494102
KMIA,2025-08-20,2025-08-19 12:00:00+00:00,97.0,93.12252243960918
KMIA,2025-08-21,2025-08-20 12:00:00+00:00,92.0,92.33141477712523
KMIA,2025-08-22,2025-08-21 12:00:00+00:00,95.0,91.81119270483923
KMIA,2025-08-23,2025-08-22 12:00:00+00:00,90.0,91.92234835392807
KMIA,2025-08-24,2025-08-23 12:00:00+00:00,93.0,91.65950105581514
KMIA,2025-08-25,2025-08-24 12:00:00+00:00,93.0,91.88902017611956
KMIA,2025-08-26,2025-08-25 12:00:00+00:00,94.0,92.15102858278046
KMIA,2025-08-27,2025-08-26 12:00:00+00:00,95.0,92.14032904948843
KMIA,2025-08-28,2025-08-27 12:00:00+00:00,92.0,91.79301928617917
KMIA,2025-08-29,2025-08-28 12:00:00+00:00,93.0,91.29526891315327
KMIA,2025-08-30,2025-08-29 12:00:00+00:00,93.0,88.99527756310596
KMIA,2025-08-31,2025-08-30 12:00:00+00:00,94.0,90.33626264807477
KMIA,2025-09-01,2025-08-31 12:00:00+00:00,93.0,89.99738143394742
KMIA,2025-09-02,2025-09-01 12:00:00+00:00,94.0,92.26171115343676
KMIA,2025-09-03,2025-09-02 12:00:00+00:00,90.0,90.46002074765092
KMIA,2025-09-04,2025-09-03 12:00:00+00:00,88.0,86.02972330945668
KMIA,2025-09-05,2025-09-04 12:00:00+00:00,91.0,88.16649603848046
KMIA,2025-09-06,2025-09-05 12:00:00+00:00,86.0,86.716564510178
KMIA,2025-09-07,2025-09-06 12:00:00+00:00,91.0,89.89329138072495
KMIA,2025-09-08,2025-09-07 12:00:00+00:00,92.0,89.67170842353677
KMIA,2025-09-09,2025-09-08 12:00:00+00:00,89.0,90.18115212388628
KMIA,2025-09-10,2025-09-09 12:00:00+00:00,92.0,91.13630947212094
KMIA,2025-09-11,2025-09-10 12:00:00+00:00,94.0,89.84439898495728
KMIA,2025-09-12,2025-09-11 12:00:00+00:00,90.0,89.62502710332045
KMIA,2025-09-13,2025-09-12 12:00:00+00:00,91.0,88.40269490393042
KMIA,2025-09-14,2025-09-13 12:00:00+00:00,91.0,88.5742376471699
KMIA,2025-09-15,2025-09-14 12:00:00+00:00,89.0,89.69923149955082
KMIA,2025-09-16,2025-09-15 12:00:00+00:00,92.0,90.17038994527405
KMIA,2025-09-17,2025-09-16 12:00:00+00:00,85.0,88.18659672163544
KMIA,2025-09-18,2025-09-17 12:00:00+00:00,87.0,84.47594895202445
KMIA,2025-09-19,2025-09-18 12:00:00+00:00,92.0,89.55663826513
KMIA,2025-09-20,2025-09-19 12:00:00+00:00,89.0,91.29939776701929
KMIA,2025-09-21,2025-09-20 12:00:00+00:00,86.0,90.84334907475188
KMIA,2025-09-22,2025-09-21 12:00:00+00:00,90.0,89.40449872534856
KMIA,2025-09-23,2025-09-22 12:00:00+00:00,88.0,89.73365591030579
KMIA,2025-09-24,2025-09-23 12:00:00+00:00,88.0,91.81039093165343
KMIA,2025-09-25,2025-09-24 12:00:00+00:00,92.0,91.23792580101227
KMIA,2025-09-26,2025-09-25 12:00:00+00:00,90.0,91.1042753195898
KMIA,2025-09-27,2025-09-26 12:00:00+00:00,91.0,91.1423292500812
KMIA,2025-09-28,2025-09-27 12:00:00+00:00,88.0,90.24727521258849
KMIA,2025-09-29,2025-09-28 12:00:00+00:00,90.0,91.05182664002746
KMIA,2025-09-30,2025-09-29 12:00:00+00:00,91.0,90.97874956263948
KMIA,2025-10-01,2025-09-30 12:00:00+00:00,92.0,88.96073745005258
KMIA,2025-10-02,2025-10-01 12:00:00+00:00,89.0,87.53217937711797
KMIA,2025-10-03,2025-10-02 12:00:00+00:00,88.0,85.15360355185028
KMIA,2025-10-04,2025-10-03 12:00:00+00:00,88.0,87.44844642989817
KMIA,2025-10-05,2025-10-04 12:00:00+00:00,88.0,87.9185121843161
KMIA,2025-10-06,2025-10-05 12:00:00+00:00,89.0,87.50618484729321
KMIA,2025-10-07,2025-10-06 12:00:00+00:00,89.0,87.5061355786141
KMIA,2025-10-08,2025-10-07 12:00:00+00:00,89.0,89.13549638661414
KMIA,2025-10-09,2025-10-08 12:00:00+00:00,89.0,87.98532113110939
KMIA,2025-10-10,2025-10-09 12:00:00+00:00,80.0,85.94580166249204
KMIA,2025-10-11,2025-10-10 12:00:00+00:00,86.0,83.55888670977338
KMIA,2025-10-12,2025-10-11 12:00:00+00:00,88.0,86.05554852794236
KMIA,2025-10-13,2025-10-12 12:00:00+00:00,88.0,86.25032866507998
KMIA,2025-10-14,2025-10-13 12:00:00+00:00,86.0,87.37624019838223
KMIA,2025-10-15,2025-10-14 12:00:00+00:00,86.0,87.18377097292392
KMIA,2025-10-16,2025-10-15 12:00:00+00:00,86.0,86.5180596549583
KMIA,2025-10-17,2025-10-16 12:00:00+00:00,85.0,86.7873676615269
KMIA,2025-10-18,2025-10-17 12:00:00+00:00,85.0,86.89665617834888
KMIA,2025-10-19,2025-10-18 12:00:00+00:00,86.0,87.43088500301056
KMIA,2025-10-20,2025-10-19 12:00:00+00:00,88.0,86.79849343564842
KMIA,2025-10-21,2025-10-20 12:00:00+00:00,87.0,89.09820815561535
KMIA,2025-10-22,2025-10-21 12:00:00+00:00,88.0,88.82805832856612
KMIA,2025-10-23,2025-10-22 12:00:00+00:00,88.0,88.17093133940878
KMIA,2025-10-24,2025-10-23 12:00:00+00:00,87.0,86.95890453992992
KMIA,2025-10-25,2025-10-24 12:00:00+00:00,85.0,87.10205174365485
KMIA,2025-10-26,2025-10-25 12:00:00+00:00,87.0,87.83458694456375
KMIA,2025-10-27,2025-10-26 12:00:00+00:00,87.0,87.05162536898327
KMIA,2025-10-28,2025-10-27 12:00:00+00:00,89.0,86.14709749604292
KMIA,2025-10-29,2025-10-28 12:00:00+00:00,87.0,86.50381990916682
KMIA,2025-10-30,2025-10-29 12:00:00+00:00,79.0,81.88486722296041
KMIA,2025-10-31,2025-10-30 12:00:00+00:00,76.0,80.15631102355664
KMIA,2025-11-01,2025-10-31 12:00:00+00:00,82.0,80.24847540415328
KMIA,2025-11-02,2025-11-01 12:00:00+00:00,84.0,82.75744848338276
KMIA,2025-11-03,2025-11-02 12:00:00+00:00,87.0,84.23320318188361
KMIA,2025-11-04,2025-11-03 12:00:00+00:00,81.0,83.06499676342767
KMIA,2025-11-05,2025-11-04 12:00:00+00:00,83.0,83.56514536625673
KMIA,2025-11-06,2025-11-05 12:00:00+00:00,84.0,83.20511295102575
KMIA,2025-11-07,2025-11-06 12:00:00+00:00,87.0,84.55492169234122
KMIA,2025-11-08,2025-11-07 12:00:00+00:00,87.0,85.38707587702133
KMIA,2025-11-09,2025-11-08 12:00:00+00:00,87.0,86.31964472127495
KMIA,2025-11-10,2025-11-09 12:00:00+00:00,85.0,82.66378927878144
KMIA,2025-11-11,2025-11-10 12:00:00+00:00,68.0,70.5840815726601
KMIA,2025-11-12,2025-11-11 12:00:00+00:00,76.0,76.39822943403856
KMIA,2025-11-13,2025-11-12 12:00:00+00:00,78.0,79.52946129888922
KMIA,2025-11-14,2025-11-13 12:00:00+00:00,81.0,79.33587567143204
KMIA,2025-11-15,2025-11-14 12:00:00+00:00,81.0,81.19792028218042
KMIA,2025-11-16,2025-11-15 12:00:00+00:00,82.0,81.24310597797688
KMIA,2025-11-17,2025-11-16 12:00:00+00:00,82.0,81.34075508219455
KMIA,2025-11-18,2025-11-17 12:00:00+00:00,83.0,83.09806298956659
KMIA,2025-11-19,2025-11-18 12:00:00+00:00,84.0,84.12505804839336
KMIA,2025-11-20,2025-11-19 12:00:00+00:00,84.0,83.54622028080308
KMIA,2025-11-21,2025-11-20 12:00:00+00:00,83.0,84.08518978666481
KMIA,2025-11-22,2025-11-21 12:00:00+00:00,83.0,82.9242297491497
KMIA,2025-11-23,2025-11-22 12:00:00+00:00,85.0,83.10830675507087
KMIA,2025-11-24,2025-11-23 12:00:00+00:00,84.0,82.46321614686548
KMIA,2025-11-25,2025-11-24 12:00:00+00:00,83.0,83.81034524487322
KMIA,2025-11-26,2025-11-25 12:00:00+00:00,85.0,84.28175683667489
KMIA,2025-11-27,2025-11-26 12:00:00+00:00,85.0,82.89728299201887
KMIA,2025-11-28,2025-11-27 12:00:00+00:00,75.0,73.56138796656512
KMIA,2025-11-29,2025-11-28 12:00:00+00:00,78.0,79.1186010823273
KMIA,2025-11-30,2025-11-29 12:00:00+00:00,81.0,82.06109352260161
KMIA,2025-12-01,2025-11-30 12:00:00+00:00,84.0,82.84217004657391
KMIA,2025-12-02,2025-12-01 12:00:00+00:00,86.0,84.76659455921333
KMIA,2025-12-03,2025-12-02 12:00:00+00:00,82.0,83.4840878068093
KMIA,2025-12-04,2025-12-03 12:00:00+00:00,83.0,82.57941951777187
KMIA,2025-12-05,2025-12-04 12:00:00+00:00,83.0,83.70384763306843
KMIA,2025-12-06,2025-12-05 12:00:00+00:00,84.0,83.5049304610842
KMIA,2025-12-07,2025-12-06 12:00:00+00:00,85.0,83.45158104709387
KMIA,2025-12-08,2025-12-07 12:00:00+00:00,87.0,84.14444568353935
KMIA,2025-12-09,2025-12-08 12:00:00+00:00,74.0,76.67921722380275
KMIA,2025-12-10,2025-12-09 12:00:00+00:00,83.0,81.43518977802907
KMIA,2025-12-11,2025-12-10 12:00:00+00:00,75.0,76.60923403294
KMIA,2025-12-12,2025-12-11 12:00:00+00:00,78.0,79.34428268170291
KMIA,2025-12-13,2025-12-12 12:00:00+00:00,80.0,80.16845822963064
KMIA,2025-12-14,2025-12-13 12:00:00+00:00,82.0,78.02076785214275
KMIA,2025-12-15,2025-12-14 12:00:00+00:00,74.0,75.41365956321985
KMIA,2025-12-16,2025-12-15 12:00:00+00:00,77.0,76.88051862241458
KMIA,2025-12-17,2025-12-16 12:00:00+00:00,80.0,80.23629436090994
KMIA,2025-12-18,2025-12-17 12:00:00+00:00,82.0,82.65670804424008
KMIA,2025-12-19,2025-12-18 12:00:00+00:00,86.0,83.47637390321479
KMIA,2025-12-20,2025-12-19 12:00:00+00:00,84.0,82.2698662796464
KMIA,2025-12-21,2025-12-20 12:00:00+00:00,83.0,82.23736916298391
KMIA,2025-12-22,2025-12-21 12:00:00+00:00,81.0,81.90499423877422
KMIA,2025-12-23,2025-12-22 12:00:00+00:00,81.0,81.91350877811138
KMIA,2025-12-24,2025-12-23 12:00:00+00:00,79.0,80.64385348919758
KMIA,2025-12-25,2025-12-24 12:00:00+00:00,81.0,80.19238671454042
KMIA,2025-12-26,2025-12-25 12:00:00+00:00,81.0,80.2616382185007
KMIA,2025-12-27,2025-12-26 12:00:00+00:00,81.0,80.21595510944015
KMIA,2025-12-28,2025-12-27 12:00:00+00:00,82.0,79.6982729031473
KMIA,2025-12-29,2025-12-28 12:00:00+00:00,82.0,80.17802605411164
KMIA,2025-12-30,2025-12-29 12:00:00+00:00,68.0,75.0274709695716
KMIA,2025-12-31,2025-12-30 12:00:00+00:00,64.0,66.25400461317766
